000000000000000222211122212112212122111122121211221121112211122
000000000000000121112111222122211121121111121111221222112212212
000000000000000112221111122122211121111212121111211121111222122
000000000000000121211111121122212122111112121211211221112212122
000000000000000121111111222122211121121112111211111121112222112
000000000000000111112111222122212122121112121211111121111212122
000000000000000122112111122221211122211122121211111221111211112
000000000000000121111111212122211122121122121111111122111212112
000000000000000121111211222112212122111122111211211121111212122
000000000000000121112211221122211121121122111111111121111222112
000000000000000122111111212112112121111112121211112121112212112
000000000000000122111111222122211112121121111111121222111121112
000000000000000111112111122122211122111122121211111121111212122
000000000000000121111111222112212122111122121211211121111212122
000000000000000112111111122112212122111112111211111221111212122
000000000000000222222112222211211122222212221211121221122211212
000000000000000122111211222121212222121122111211211222111211112
000000000000000122111211222122212112121122121211111122112212112
